Darius 582 263 175 56 0.625 29.9 32.1 340
Diana 589 297 150 53 0.625 26 32.1 345
Fiora 550 300 150 60 0.672 24 32.1 345
Garen 616 0 175 58 0.625 27.5 32.1 340
Gangplank 631 282 125 56 0.651 26 32 345
Hecarim 600 277 175 61 0.67 26.7 32.1 345
LeBlanc 516 334 525 55 0.625 21.9 30 335
Lissandra 506 304 550 51 0.625 20.1 30 325
Lulu 553 292 550 46 0.625 19.2 30 325
Lux 478 334 550 54 0.625 18.7 30 330
Malphite 574 282 125 62 0.638 28.3 32.1 335
Mordekaiser 525 0 200 61 0.601 20 32.1 325
Nidalee 511 296 525 48 0.638 22.9 30 335
Olaf 597 266 125 60 0.694 26 32.1 350
Poppy 559 235 125 62 0.638 29 30 345
Rammus 564 310 125 56 0.625 31.4 32.1 335
Riven 558 0 125 56 0.625 22.4 32.1 340
Sion 543 246 150 60 0.679 23 32 345
Sona 482 341 550 50 0.644 20.5 30 325
Syndra 511 334 550 54 0.625 24.7 30 330
Teemo 516 267 500 48 0.69 24.3 30 330
Twitch 525 287 550 49 0.679 23 30 330
Vayne 498 232 550 53 0.658 19 30 330
Veigar 493 342 525 51 0.625 22.6 30 340
Yorick 564 294 125 58 0.625 25 32.1 345
Zed 579 200 125 55 0.658 26.9 32.1 345